X,Y,Tangent X,Tangent Y,Fixed Theta,Name
0.05965168470589405,3.2759998565467385,0.3382432965065538,0.3382432965065534,true,
0.7655507382847893,3.9377802192769527,0.5746311322008758,0.45185837218554903,false,
1.8096930883702382,4.570148121441378,0.5852270833246724,0.2813187825556628,false,
2.383236069403091,4.820154036250571,0.44337096915010976,0.18154675349071242,false,
3.1332538138306663,5.099572411625552,0.8382551261249382,0.17647476339472323,true,
4.103865012501647,5.2613409447373805,0.7941364352762577,-0.08823738169736117,true,
5.48625065909365,5.128984872191338,0.2794183753749806,-0.13235607254604265,true,
6.265680864087013,4.614266812290061,0.3235370662236603,-0.23529968452629912,true,
6.721574002856717,4.026017600974314,0.22495680696122328,-0.46002619322546556,false,
6.898048766251441,3.2171749354151635,-0.14706230282893706,-0.500011829618384,true,
6.486274318330418,2.2171512761783956,-0.4705993690525956,-0.4705993690525965,true,
5.530369349942331,1.525958452882394,-0.7794302049933632,-0.2647121450920855,true,
4.545051920988457,1.2759525380732017,-0.4705993690525965,-0.08823738169736184,true,
3.42737841948854,1.18771515637584,-0.5441305204670654,0.0,true,
2.545004602514921,1.3494836894876705,-0.6168717115083768,0.16760613463191193,false,
1.5890996341268337,1.7171394465600114,-0.6569163334875922,0.3674587917826385,false,
0.6331946657387462,2.5259821121191623,-0.5294242901841718,0.3529495267894478,true,
