X,Y,Tangent X,Tangent Y,Fixed Theta,Name
0.8684943502650444,3.996605140408527,0.8676675866907255,0.0,true,
2.3979422996859845,4.026017600974314,0.990581823366891,0.045941067962407114,false,
3.8391528674095614,4.12896121295457,0.7520196384007449,0.19039993916925974,false,
4.589170611837137,4.3789671277637625,0.336892440143183,0.2590113458417691,false,
4.912707678060798,4.717210424270316,0.4264806782039159,0.5441305204670641,true,
5.750962804185736,5.731940313789978,0.3382432965065556,0.2205934542434047,true,
6.5892179303106735,6.4672518279346605,0.6966740603287092,0.4758661418923308,false,
7.883366195205316,7.055501039250405,0.5441305204670659,0.16176853311183237,true,
8.956921005856552,7.290800723776704,0.6323679021644271,-0.08823738169736117,true,
10.104006967922258,7.114325960381981,0.7794302049933606,-0.23529968452629735,true,
11.324624081402428,6.4672518279346605,0.4117744479210259,-0.5735429810328521,true,
11.692279838474771,5.467228168697892,0.09261847103854522,-0.6863620831724284,false,
11.604042456777409,4.40837958832955,-0.24551846299266455,-0.6254692166696916,false,
10.97167455461298,3.584830692487505,-0.7500177444275753,-0.33824329650655427,true,
9.574582677738086,3.158350014283589,-0.5294242901841724,-0.07353115141446764,true,
8.456909176238167,2.9965814811717593,-0.8869501812474537,-0.050320279332208076,false,
6.942167457100121,3.1142313234349075,-1.0660740081764302,0.11772232476091678,false,
5.265657204850245,3.3642372382441,-1.0476456979401805,0.1341716650702548,false,
3.809740406843774,3.5260057713559307,-0.8755584616343813,0.03997244960692401,false,
2.66265444477807,3.5260057713559307,-0.6512010395113592,0.008039596325085399,false,
1.8979304700675999,3.5407120016388243,-0.4768753471716115,0.004105922619788508,false,
1.2361501073373857,3.5407120016388243,-0.35088811570792894,0.03291070022680599,false,
0.8979068108308316,3.584830692487505,-0.1913084119579262,3.2204653441227543E-4,false,
0.677313356587427,3.5701244622046113,-0.11232738449760765,-0.016253874442578354,false,
0.5890759748900654,3.555418231921718,-0.7206052838617865,0.0,true,
